0.01  5.153e-05  5.153e-05
0.02  5.207e-05  5.207e-05
0.03  5.259e-05  5.259e-05
0.04  5.306e-05  5.306e-05
0.05  5.353e-05  5.353e-05
0.06  5.396e-05  5.396e-05
0.07  5.435e-05  5.435e-05
0.08  5.471e-05  5.471e-05
0.09  5.504e-05  5.504e-05
0.1  5.533e-05  5.533e-05
0.11  5.558e-05  5.558e-05
0.12  5.578e-05  5.578e-05
0.13  5.596e-05  5.596e-05
0.14  5.607e-05  5.607e-05
0.15  5.614e-05  5.614e-05
0.16  5.617e-05  5.617e-05
0.17  5.613e-05  5.613e-05
0.18  5.605e-05  5.605e-05
0.19  5.59e-05  5.59e-05
0.2  5.571e-05  5.571e-05
0.21  5.543e-05  5.543e-05
0.22  5.511e-05  5.511e-05
0.23  5.471e-05  5.471e-05
0.24  5.424e-05  5.424e-05
0.25  5.37e-05  5.37e-05
0.26  5.308e-05  5.308e-05
0.27  5.239e-05  5.239e-05
0.28  5.162e-05  5.162e-05
0.29  5.075e-05  5.075e-05
0.3  4.981e-05  4.981e-05
0.31  4.877e-05  4.877e-05
0.32  4.763e-05  4.763e-05
0.33  4.641e-05  4.641e-05
0.34  4.508e-05  4.508e-05
0.35  4.365e-05  4.365e-05
0.36  4.211e-05  4.211e-05
0.37  4.047e-05  4.047e-05
0.38  3.871e-05  3.871e-05
0.39  3.683e-05  3.683e-05
0.4  3.483e-05  3.483e-05
0.41  3.271e-05  3.271e-05
0.42  3.047e-05  3.047e-05
0.43  2.809e-05  2.809e-05
0.44  2.558e-05  2.558e-05
0.45  2.294e-05  2.294e-05
0.46  2.014e-05  2.014e-05
0.47  1.721e-05  1.721e-05
0.48  1.412e-05  1.412e-05
0.49  1.089e-05  1.089e-05
0.5  7.49e-06  7.49e-06
0.51  3.95e-06  3.95e-06
0.52  2.3e-07  2.3e-07
0.53  -3.66e-06  -3.66e-06
0.54  -7.71e-06  -7.71e-06
0.55  -1.195e-05  -1.195e-05
0.56  -1.635e-05  -1.635e-05
0.57  -2.094e-05  -2.094e-05
0.58  -2.573e-05  -2.573e-05
0.59  -3.069e-05  -3.069e-05
0.6  -3.586e-05  -3.586e-05
0.61  -4.122e-05  -4.122e-05
0.62  -4.679e-05  -4.679e-05
0.63  -5.255e-05  -5.255e-05
0.64  -5.854e-05  -5.854e-05
0.65  -6.473e-05  -6.473e-05
0.66  -7.114e-05  -7.114e-05
0.67  -7.777e-05  -7.777e-05
0.68  -8.463e-05  -8.463e-05
0.69  -9.171e-05  -9.171e-05
0.7  -9.902e-05  -9.902e-05
0.71  -0.00010657  -0.00010657
0.72  -0.00011435  -0.00011435
0.73  -0.00012239  -0.00012239
0.74  -0.00013065  -0.00013065
0.75  -0.00013917  -0.00013917
0.76  -0.00014795  -0.00014795
0.77  -0.00015696  -0.00015696
0.78  -0.00016625  -0.00016625
0.79  -0.00017578  -0.00017578
0.8  -0.00018558  -0.00018558
0.81  -0.00019565  -0.00019565
0.82  -0.00020597  -0.00020597
0.83  -0.00021658  -0.00021658
0.84  -0.00022744  -0.00022744
0.85  -0.00023859  -0.00023859
0.86  -0.000250003  -0.000250003
0.87  -0.000261695  -0.000261695
0.88  -0.0002736638  -0.0002736638
0.89  -0.0002859122  -0.0002859122
0.9  -0.000298439  -0.000298439
0.91  -0.000311247  -0.000311247
0.92  -0.00032434  -0.00032434
0.93  -0.0003377  -0.0003377
0.94  -0.00035136  -0.00035136
0.95  -0.00036529  -0.00036529
0.96  -0.0003795  -0.0003795
0.97  -0.00039399  -0.00039399
0.98  -0.00040877  -0.00040877
0.99  -0.00042382  -0.00042382
1.0  -0.00043915  -0.00043915
1.01  -0.00045475  -0.00045475
1.02  -0.00047063  -0.00047063
1.03  -0.00048678  -0.00048678
1.04  -0.00050319  -0.00050319
1.05  -0.00051986  -0.00051986
1.06  -0.00053682  -0.00053682
1.07  -0.000554  -0.000554
1.08  -0.00057147  -0.00057147
1.09  -0.00058916  -0.00058916
1.1  -0.00060711  -0.00060711
1.11  -0.00062528  -0.00062528
1.12  -0.0006437  -0.0006437
1.13  -0.0006624  -0.0006624
1.14  -0.0006812  -0.0006812
1.15  -0.0007003  -0.0007003
1.16  -0.0007196  -0.0007196
1.17  -0.000739  -0.000739
1.18  -0.0007587  -0.0007587
1.19  -0.0007786  -0.0007786
1.2  -0.0007986  -0.0007986
1.21  -0.0008188  -0.0008188
1.22  -0.0008391  -0.0008391
1.23  -0.0008595  -0.0008595
1.24  -0.0008802  -0.0008802
1.25  -0.0009008  -0.0009008
1.26  -0.0009217  -0.0009217
1.27  -0.0009426  -0.0009426
1.28  -0.0009635  -0.0009635
1.29  -0.0009846  -0.0009846
1.3  -0.0010057  -0.0010057
1.31  -0.0010267  -0.0010267
1.32  -0.0010479  -0.0010479
1.33  -0.001069  -0.001069
1.34  -0.00109  -0.00109
1.35  -0.0011111  -0.0011111
1.36  -0.0011321  -0.0011321
1.37  -0.001153  -0.001153
1.38  -0.0011738  -0.0011738
1.39  -0.0011944  -0.0011944
1.4  -0.001215  -0.001215
1.41  -0.0012353  -0.0012353
1.42  -0.0012555  -0.0012555
1.43  -0.0012754  -0.0012754
1.44  -0.0012952  -0.0012952
1.45  -0.0013146  -0.0013146
1.46  -0.0013337  -0.0013337
1.47  -0.0013525  -0.0013525
1.48  -0.0013711  -0.0013711
1.49  -0.001389  -0.001389
1.5  -0.0014068  -0.0014068
1.51  -0.001424  -0.001424
1.52  -0.0014408  -0.0014408
1.53  -0.001457  -0.001457
1.54  -0.0014728  -0.0014728
1.55  -0.0014879  -0.0014879
1.56  -0.0015024  -0.0015024
1.57  -0.0015164  -0.0015164
1.58  -0.0015295  -0.0015295
1.59  -0.0015421  -0.0015421
1.6  -0.0015538  -0.0015538
1.61  -0.0015648  -0.0015648
1.62  -0.0015749  -0.0015749
1.63  -0.0015842  -0.0015842
1.64  -0.0015924  -0.0015924
1.65  -0.0015999  -0.0015999
1.66  -0.0016062  -0.0016062
1.67  -0.0016116  -0.0016116
1.68  -0.0016158  -0.0016158
1.69  -0.0016189  -0.0016189
1.7  -0.0016208  -0.0016208
1.71  -0.0016216  -0.0016216
1.72  -0.0016209  -0.0016209
1.73  -0.0016191  -0.0016191
1.74  -0.0016157  -0.0016157
1.75  -0.0016111  -0.0016111
1.76  -0.0016049  -0.0016049
1.77  -0.0015972  -0.0015972
1.78  -0.0015879  -0.0015879
1.79  -0.001577  -0.001577
1.8  -0.0015644  -0.0015644
1.81  -0.0015501  -0.0015501
1.82  -0.0015336  -0.0015336
1.83  -0.001516  -0.001516
1.84  -0.001496  -0.001496
1.85  -0.001475  -0.001475
1.86  -0.00145  -0.00145
1.87  -0.001424  -0.001424
1.88  -0.001397  -0.001397
1.89  -0.001366  -0.001366
1.9  -0.001334  -0.001334
1.91  -0.001299  -0.001299
1.92  -0.001261  -0.001261
1.93  -0.001222  -0.001222
1.94  -0.00118  -0.00118
1.95  -0.001136  -0.001136
1.96  -0.001088  -0.001088
1.97  -0.001038  -0.001038
1.98  -0.000986  -0.000986
1.99  -0.00093  -0.00093
2.0  -0.000872  -0.000872
2.01  -0.000811  -0.000811
2.02  -0.000746  -0.000746
2.03  -0.00068  -0.00068
2.04  -0.000609  -0.000609
2.05  -0.000536  -0.000536
2.06  -0.000459  -0.000459
2.07  -0.00038  -0.00038
2.08  -0.000296  -0.000296
2.09  -0.00021  -0.00021
2.1  -0.00012  -0.00012
2.11  -2.6e-05  -2.6e-05
2.12  7e-05  7e-05
2.13  0.000171  0.000171
2.14  0.000276  0.000276
2.15  0.000383  0.000383
2.16  0.000495  0.000495
2.17  0.000611  0.000611
2.18  0.00073  0.00073
2.19  0.000853  0.000853
2.2  0.00098  0.00098
2.21  0.001112  0.001112
2.22  0.001247  0.001247
2.23  0.001386  0.001386
2.24  0.00153  0.00153
2.25  0.001677  0.001677
2.26  0.001829  0.001829
2.27  0.001985  0.001985
2.28  0.002146  0.002146
2.29  0.00231  0.00231
2.3  0.002479  0.002479
2.31  0.002652  0.002652
2.32  0.0028299  0.0028299
2.33  0.0030121  0.0030121
2.34  0.0031985  0.0031985
2.35  0.0033894  0.0033894
2.36  0.0035848  0.0035848
2.37  0.0037845  0.0037845
2.38  0.0039889  0.0039889
2.39  0.0041975  0.0041975
2.4  0.0044108  0.0044108
2.41  0.0046284  0.0046284
2.42  0.0048504  0.0048504
2.43  0.0050771  0.0050771
2.44  0.005308  0.005308
2.45  0.0055434  0.0055434
2.46  0.0057832  0.0057832
2.47  0.0060273  0.0060273
2.48  0.0062758  0.0062758
2.49  0.0065286  0.0065286
2.5  0.0067857  0.0067857
2.51  0.00704688  0.00704688
2.52  0.007312337  0.007312337
2.53  0.007581883  0.007581883
2.54  0.0078555  0.0078555
2.55  0.0081331  0.0081331
2.56  0.0084146  0.0084146
2.57  0.0087001  0.0087001
2.58  0.0089892  0.0089892
2.59  0.009282  0.009282
2.6  0.0095786  0.0095786
2.61  0.0098785  0.0098785
2.62  0.010182  0.010182
2.63  0.0104886  0.0104886
2.64  0.0107984  0.0107984
2.65  0.011112  0.011112
2.66  0.011427  0.011427
2.67  0.011746  0.011746
2.68  0.012067  0.012067
2.69  0.012392  0.012392
2.7  0.012718  0.012718
2.71  0.013046  0.013046
2.72  0.013377  0.013377
2.73  0.013709  0.013709
2.74  0.014043  0.014043
2.75  0.01438  0.01438
2.76  0.014716  0.014716
2.77  0.015054  0.015054
2.78  0.015393  0.015393
2.79  0.015734  0.015734
2.8  0.016073  0.016073
2.81  0.016414  0.016414
2.82  0.016754  0.016754
2.83  0.017095  0.017095
2.84  0.017434  0.017434
2.85  0.017774  0.017774
2.86  0.018111  0.018111
2.87  0.018448  0.018448
2.88  0.018784  0.018784
2.89  0.019116  0.019116
2.9  0.019448  0.019448
2.91  0.019776  0.019776
2.92  0.020102  0.020102
2.93  0.020425  0.020425
2.94  0.020744  0.020744
2.95  0.021059  0.021059
2.96  0.021371  0.021371
2.97  0.021677  0.021677
2.98  0.021979  0.021979
2.99  0.022275  0.022275
3.0  0.022566  0.022566
3.01  0.022852  0.022852
3.02  0.023129  0.023129
3.03  0.023402  0.023402
3.04  0.023665  0.023665
3.05  0.023923  0.023923
3.06  0.024171  0.024171
3.07  0.024411  0.024411
3.08  0.024642  0.024642
3.09  0.024863  0.024863
3.1  0.025075  0.025075
3.11  0.025277  0.025277
3.12  0.025464  0.025464
3.13  0.02565  0.02565
3.14  0.02581  0.02581
3.15  0.02597  0.02597
3.16  0.02611  0.02611
3.17  0.02624  0.02624
3.18  0.02636  0.02636
3.19  0.02645  0.02645
3.2  0.02654  0.02654
3.21  0.02661  0.02661
3.22  0.02667  0.02667
3.23  0.0267  0.0267
3.24  0.02673  0.02673
3.25  0.02673  0.02673
3.26  0.02671  0.02671
3.27  0.02668  0.02668
3.28  0.02663  0.02663
3.29  0.02655  0.02655
3.3  0.02647  0.02647
3.31  0.02634  0.02634
3.32  0.02622  0.02622
3.33  0.02605  0.02605
3.34  0.02587  0.02587
3.35  0.02568  0.02568
3.36  0.02544  0.02544
3.37  0.02519  0.02519
3.38  0.02491  0.02491
3.39  0.02461  0.02461
3.4  0.02429  0.02429
3.41  0.02392  0.02392
3.42  0.02355  0.02355
3.43  0.02313  0.02313
3.44  0.02269  0.02269
3.45  0.02223  0.02223
3.46  0.02172  0.02172
3.47  0.0212  0.0212
3.48  0.02064  0.02064
3.49  0.02005  0.02005
3.5  0.01942  0.01942
3.51  0.01877  0.01877
3.52  0.01809  0.01809
3.53  0.01736  0.01736
3.54  0.0166  0.0166
3.55  0.01582  0.01582
3.56  0.01499  0.01499
3.57  0.01413  0.01413
3.58  0.01323  0.01323
3.59  0.0123  0.0123
3.6  0.01133  0.01133
3.61  0.01032  0.01032
3.62  0.00928  0.00928
3.63  0.00819  0.00819
3.64  0.00707  0.00707
3.65  0.00591  0.00591
3.66  0.0047  0.0047
3.67  0.00347  0.00347
3.68  0.00218  0.00218
3.69  0.00087  0.00087
3.7  -0.00051  -0.00051
3.71  -0.0019  -0.0019
3.72  -0.00335  -0.00335
3.73  -0.00484  -0.00484
3.74  -0.00636  -0.00636
3.75  -0.00794  -0.00794
3.76  -0.00955  -0.00955
3.77  -0.0112  -0.0112
3.78  -0.01291  -0.01291
3.79  -0.01464  -0.01464
3.8  -0.01643  -0.01643
3.81  -0.01825  -0.01825
3.82  -0.02013  -0.02013
3.83  -0.02204  -0.02204
3.84  -0.02399  -0.02399
3.85  -0.02599  -0.02599
3.86  -0.02804  -0.02804
3.87  -0.03011  -0.03011
3.88  -0.03225  -0.03225
3.89  -0.03441  -0.03441
3.9  -0.03662  -0.03662
3.91  -0.03888  -0.03888
3.92  -0.04117  -0.04117
3.93  -0.0435  -0.0435
3.94  -0.04588  -0.04588
3.95  -0.0483  -0.0483
3.96  -0.05076  -0.05076
3.97  -0.05325  -0.05325
3.98  -0.05579  -0.05579
3.99  -0.05836  -0.05836
4.0  -0.06098  -0.06098
4.01  -0.06362  -0.06362
4.02  -0.06631  -0.06631
4.03  -0.06903  -0.06903
4.04  -0.0718  -0.0718
4.05  -0.074579  -0.074579
4.06  -0.077408  -0.077408
4.07  -0.080266  -0.080266
4.08  -0.083157  -0.083157
4.09  -0.086077  -0.086077
4.1  -0.089028  -0.089028
4.11  -0.092006  -0.092006
4.12  -0.095013  -0.095013
4.13  -0.098046  -0.098046
4.14  -0.101104  -0.101104
4.15  -0.1041861  -0.1041861
4.16  -0.1072902  -0.1072902
4.17  -0.1104157  -0.1104157
4.18  -0.113561  -0.113561
4.19  -0.116724  -0.116724
4.2  -0.119904  -0.119904
4.21  -0.1231  -0.1231
4.22  -0.126308  -0.126308
4.23  -0.129529  -0.129529
4.24  -0.132758  -0.132758
4.25  -0.136  -0.136
4.26  -0.13925  -0.13925
4.27  -0.14249  -0.14249
4.28  -0.14575  -0.14575
4.29  -0.149  -0.149
4.3  -0.15225  -0.15225
4.31  -0.1555  -0.1555
4.32  -0.15875  -0.15875
4.33  -0.16198  -0.16198
4.34  -0.1652  -0.1652
4.35  -0.16842  -0.16842
4.36  -0.17161  -0.17161
4.37  -0.1748  -0.1748
4.38  -0.17795  -0.17795
4.39  -0.1811  -0.1811
4.4  -0.18421  -0.18421
4.41  -0.1873  -0.1873
4.42  -0.19035  -0.19035
4.43  -0.19338  -0.19338
4.44  -0.19636  -0.19636
4.45  -0.19932  -0.19932
4.46  -0.20223  -0.20223
4.47  -0.20509  -0.20509
4.48  -0.20792  -0.20792
4.49  -0.21068  -0.21068
4.5  -0.2134  -0.2134
4.51  -0.21605  -0.21605
4.52  -0.21866  -0.21866
4.53  -0.2212  -0.2212
4.54  -0.22367  -0.22367
4.55  -0.22608  -0.22608
4.56  -0.22841  -0.22841
4.57  -0.23067  -0.23067
4.58  -0.23285  -0.23285
4.59  -0.23494  -0.23494
4.6  -0.23696  -0.23696
4.61  -0.23889  -0.23889
4.62  -0.24071  -0.24071
4.63  -0.24245  -0.24245
4.64  -0.24409  -0.24409
4.65  -0.24563  -0.24563
4.66  -0.24705  -0.24705
4.67  -0.24838  -0.24838
4.68  -0.24958  -0.24958
4.69  -0.25067  -0.25067
4.7  -0.2516  -0.2516
4.71  -0.2525  -0.2525
4.72  -0.2532  -0.2532
4.73  -0.2538  -0.2538
4.74  -0.2543  -0.2543
4.75  -0.2545  -0.2545
4.76  -0.2547  -0.2547
4.77  -0.2548  -0.2548
4.78  -0.2546  -0.2546
4.79  -0.2544  -0.2544
4.8  -0.2539  -0.2539
4.81  -0.2533  -0.2533
4.82  -0.2526  -0.2526
4.83  -0.2516  -0.2516
4.84  -0.2506  -0.2506
4.85  -0.2493  -0.2493
4.86  -0.2478  -0.2478
4.87  -0.2462  -0.2462
4.88  -0.2444  -0.2444
4.89  -0.2424  -0.2424
4.9  -0.2402  -0.2402
4.91  -0.2378  -0.2378
4.92  -0.2352  -0.2352
4.93  -0.2325  -0.2325
4.94  -0.2295  -0.2295
4.95  -0.2262  -0.2262
4.96  -0.2229  -0.2229
4.97  -0.2192  -0.2192
4.98  -0.2154  -0.2154
4.99  -0.2114  -0.2114
5.0  -0.207  -0.207
5.01  -0.2026  -0.2026
5.02  -0.1978  -0.1978
5.03  -0.1929  -0.1929
5.04  -0.1877  -0.1877
5.05  -0.1823  -0.1823
5.06  -0.1766  -0.1766
5.07  -0.1707  -0.1707
5.08  -0.1645  -0.1645
5.09  -0.1582  -0.1582
5.1  -0.1515  -0.1515
5.11  -0.1447  -0.1447
5.12  -0.1375  -0.1375
5.13  -0.1302  -0.1302
5.14  -0.1226  -0.1226
5.15  -0.1146  -0.1146
5.16  -0.1066  -0.1066
5.17  -0.0981  -0.0981
5.18  -0.0895  -0.0895
5.19  -0.0806  -0.0806
5.2  -0.0715  -0.0715
5.21  -0.062  -0.062
5.22  -0.0524  -0.0524
5.23  -0.0424  -0.0424
5.24  -0.0323  -0.0323
5.25  -0.0218  -0.0218
5.26  -0.0111  -0.0111
5.27  -0.0001  -0.0001
5.28  0.011  0.011
5.29  0.0226  0.0226
5.3  0.0342  0.0342
5.31  0.0463  0.0463
5.32  0.0584  0.0584
5.33  0.071  0.071
5.34  0.0837  0.0837
5.35  0.0966  0.0966
5.36  0.1099  0.1099
5.37  0.1233  0.1233
5.38  0.1371  0.1371
5.39  0.1509  0.1509
5.4  0.1652  0.1652
5.41  0.1795  0.1795
5.42  0.1942  0.1942
5.43  0.2091  0.2091
5.44  0.2241  0.2241
5.45  0.2395  0.2395
5.46  0.2549  0.2549
5.47  0.2707  0.2707
5.48  0.2865  0.2865
5.49  0.3027  0.3027
5.5  0.319  0.319
5.51  0.3356  0.3356
5.52  0.3521  0.3521
5.53  0.3691  0.3691
5.54  0.3861  0.3861
5.55  0.4033  0.4033
5.56  0.4207  0.4207
5.57  0.4381  0.4381
5.58  0.4559  0.4559
5.59  0.4736  0.4736
5.6  0.4915  0.4915
5.61  0.5096  0.5096
5.62  0.5278  0.5278
5.63  0.5461  0.5461
5.64  0.5644  0.5644
5.65  0.5829  0.5829
5.66  0.6014  0.6014
5.67  0.62006  0.62006
5.68  0.63875  0.63875
5.69  0.6575  0.6575
5.7  0.67629  0.67629
5.71  0.69511  0.69511
5.72  0.71397  0.71397
5.73  0.73284  0.73284
5.74  0.75171  0.75171
5.75  0.77058  0.77058
5.76  0.78944  0.78944
5.77  0.80827  0.80827
5.78  0.827057  0.827057
5.79  0.845799  0.845799
5.8  0.864479  0.864479
5.81  0.883085  0.883085
5.82  0.90161  0.90161
5.83  0.92004  0.92004
5.84  0.93835  0.93835
5.85  0.95655  0.95655
5.86  0.97461  0.97461
5.87  0.99253  0.99253
5.88  1.01027  1.01027
5.89  1.02786  1.02786
5.9  1.04524  1.04524
5.91  1.0625  1.0625
5.92  1.0794  1.0794
5.93  1.0962  1.0962
5.94  1.1126  1.1126
5.95  1.129  1.129
5.96  1.1449  1.1449
5.97  1.1606  1.1606
5.98  1.176  1.176
5.99  1.1912  1.1912
6.0  1.2058  1.2058
6.01  1.2203  1.2203
6.02  1.2344  1.2344
6.03  1.2481  1.2481
6.04  1.2613  1.2613
6.05  1.2743  1.2743
6.06  1.2868  1.2868
6.07  1.2988  1.2988
6.08  1.3104  1.3104
6.09  1.3216  1.3216
6.1  1.3323  1.3323
6.11  1.3425  1.3425
6.12  1.3522  1.3522
6.13  1.3613  1.3613
6.14  1.3699  1.3699
6.15  1.378  1.378
6.16  1.3856  1.3856
6.17  1.3925  1.3925
6.18  1.3988  1.3988
6.19  1.4046  1.4046
6.2  1.4096  1.4096
6.21  1.4142  1.4142
6.22  1.4179  1.4179
6.23  1.4212  1.4212
6.24  1.4236  1.4236
6.25  1.4253  1.4253
6.26  1.4265  1.4265
6.27  1.4268  1.4268
6.28  1.4265  1.4265
6.29  1.4253  1.4253
6.3  1.4234  1.4234
6.31  1.4208  1.4208
6.32  1.4173  1.4173
6.33  1.4131  1.4131
6.34  1.408  1.408
6.35  1.4022  1.4022
6.36  1.3955  1.3955
6.37  1.3879  1.3879
6.38  1.3795  1.3795
6.39  1.3702  1.3702
6.4  1.3601  1.3601
6.41  1.349  1.349
6.42  1.3372  1.3372
6.43  1.3243  1.3243
6.44  1.3105  1.3105
6.45  1.2959  1.2959
6.46  1.2803  1.2803
6.47  1.2637  1.2637
6.48  1.2463  1.2463
6.49  1.2278  1.2278
6.5  1.2085  1.2085
6.51  1.1881  1.1881
6.52  1.1667  1.1667
6.53  1.1444  1.1444
6.54  1.1212  1.1212
6.55  1.0969  1.0969
6.56  1.0716  1.0716
6.57  1.0454  1.0454
6.58  1.0181  1.0181
6.59  0.9899  0.9899
6.6  0.9608  0.9608
6.61  0.93  0.93
6.62  0.9  0.9
6.63  0.866  0.866
6.64  0.834  0.834
6.65  0.8  0.8
6.66  0.764  0.764
6.67  0.728  0.728
6.68  0.691  0.691
6.69  0.652  0.652
6.7  0.614  0.614
6.71  0.573  0.573
6.72  0.532  0.532
6.73  0.49  0.49
6.74  0.447  0.447
6.75  0.403  0.403
6.76  0.358  0.358
6.77  0.313  0.313
6.78  0.265  0.265
6.79  0.217  0.217
6.8  0.169  0.169
6.81  0.12  0.12
6.82  0.069  0.069
6.83  0.018  0.018
6.84  -0.035  -0.035
6.85  -0.087  -0.087
6.86  -0.141  -0.141
6.87  -0.196  -0.196
6.88  -0.251  -0.251
6.89  -0.307  -0.307
6.9  -0.365  -0.365
6.91  -0.422  -0.422
6.92  -0.48  -0.48
6.93  -0.539  -0.539
6.94  -0.6  -0.6
6.95  -0.659  -0.659
6.96  -0.721  -0.721
6.97  -0.783  -0.783
6.98  -0.845  -0.845
6.99  -0.907  -0.907
7.0  -0.971  -0.971
7.01  -1.035  -1.035
7.02  -1.1  -1.1
7.03  -1.164  -1.164
7.04  -1.2299  -1.2299
7.05  -1.2955  -1.2955
7.06  -1.3616  -1.3616
7.07  -1.4281  -1.4281
7.08  -1.4949  -1.4949
7.09  -1.5621  -1.5621
7.1  -1.6294  -1.6294
7.11  -1.6971  -1.6971
7.12  -1.7649  -1.7649
7.13  -1.8328  -1.8328
7.14  -1.901  -1.901
7.15  -1.9692  -1.9692
7.16  -2.0375  -2.0375
7.17  -2.1059  -2.1059
7.18  -2.1742  -2.1742
7.19  -2.2424  -2.2424
7.2  -2.3107  -2.3107
7.21  -2.3788  -2.3788
7.22  -2.4468  -2.4468
7.23  -2.5145  -2.5145
7.24  -2.5821  -2.5821
7.25  -2.6494  -2.6494
7.26  -2.7164  -2.7164
7.27  -2.783  -2.783
7.28  -2.8493  -2.8493
7.29  -2.9152  -2.9152
7.3  -2.9806  -2.9806
7.31  -3.0455  -3.0455
7.32  -3.1098  -3.1098
7.33  -3.1736  -3.1736
7.34  -3.2369  -3.2369
7.35  -3.2993  -3.2993
7.36  -3.3611  -3.3611
7.37  -3.4221  -3.4221
7.38  -3.4825  -3.4825
7.39  -3.5419  -3.5419
7.4  -3.6004  -3.6004
7.41  -3.65814  -3.65814
7.42  -3.71483  -3.71483
7.43  -3.770535  -3.770535
7.44  -3.825205  -3.825205
7.45  -3.87881  -3.87881
7.46  -3.93128  -3.93128
7.47  -3.9826  -3.9826
7.48  -4.0326  -4.0326
7.49  -4.0816  -4.0816
7.5  -4.1291  -4.1291
7.51  -4.1753  -4.1753
7.52  -4.2202  -4.2202
7.53  -4.2636  -4.2636
7.54  -4.3057  -4.3057
7.55  -4.3461  -4.3461
7.56  -4.3851  -4.3851
7.57  -4.4226  -4.4226
7.58  -4.4583  -4.4583
7.59  -4.4924  -4.4924
7.6  -4.5249  -4.5249
7.61  -4.5556  -4.5556
7.62  -4.5846  -4.5846
7.63  -4.6117  -4.6117
7.64  -4.637  -4.637
7.65  -4.6605  -4.6605
7.66  -4.6823  -4.6823
7.67  -4.701  -4.701
7.68  -4.719  -4.719
7.69  -4.735  -4.735
7.7  -4.749  -4.749
7.71  -4.759  -4.759
7.72  -4.77  -4.77
7.73  -4.776  -4.776
7.74  -4.782  -4.782
7.75  -4.784  -4.784
7.76  -4.785  -4.785
7.77  -4.783  -4.783
7.78  -4.78  -4.78
7.79  -4.773  -4.773
7.8  -4.765  -4.765
7.81  -4.754  -4.754
7.82  -4.741  -4.741
7.83  -4.725  -4.725
7.84  -4.707  -4.707
7.85  -4.687  -4.687
7.86  -4.664  -4.664
7.87  -4.638  -4.638
7.88  -4.611  -4.611
7.89  -4.58  -4.58
7.9  -4.547  -4.547
7.91  -4.512  -4.512
7.92  -4.474  -4.474
7.93  -4.434  -4.434
7.94  -4.39  -4.39
7.95  -4.345  -4.345
7.96  -4.297  -4.297
7.97  -4.246  -4.246
7.98  -4.193  -4.193
7.99  -4.137  -4.137
8.0  -4.079  -4.079
8.01  -4.017  -4.017
8.02  -3.955  -3.955
8.03  -3.888  -3.888
8.04  -3.819  -3.819
8.05  -3.748  -3.748
8.06  -3.675  -3.675
8.07  -3.598  -3.598
8.08  -3.519  -3.519
8.09  -3.438  -3.438
8.1  -3.354  -3.354
8.11  -3.268  -3.268
8.12  -3.179  -3.179
8.13  -3.088  -3.088
8.14  -2.994  -2.994
8.15  -2.898  -2.898
8.16  -2.8  -2.8
8.17  -2.699  -2.699
8.18  -2.596  -2.596
8.19  -2.491  -2.491
8.2  -2.382  -2.382
8.21  -2.273  -2.273
8.22  -2.161  -2.161
8.23  -2.047  -2.047
8.24  -1.93  -1.93
8.25  -1.812  -1.812
8.26  -1.691  -1.691
8.27  -1.568  -1.568
8.28  -1.444  -1.444
8.29  -1.317  -1.317
8.3  -1.189  -1.189
8.31  -1.058  -1.058
8.32  -0.927  -0.927
8.33  -0.793  -0.793
8.34  -0.657  -0.657
8.35  -0.519  -0.519
8.36  -0.381  -0.381
8.37  -0.241  -0.241
8.38  -0.099  -0.099
8.39  0.045  0.045
8.4  0.189  0.189
8.41  0.335  0.335
8.42  0.482  0.482
8.43  0.631  0.631
8.44  0.781  0.781
8.45  0.931  0.931
8.46  1.082  1.082
8.47  1.236  1.236
8.48  1.389  1.389
8.49  1.543  1.543
8.5  1.698  1.698
8.51  1.854  1.854
8.52  2.01  2.01
8.53  2.167  2.167
8.54  2.325  2.325
8.55  2.481  2.481
8.56  2.64  2.64
8.57  2.798  2.798
8.58  2.957  2.957
8.59  3.115  3.115
8.6  3.273  3.273
8.61  3.431  3.431
8.62  3.59  3.59
8.63  3.748  3.748
8.64  3.905  3.905
8.65  4.062  4.062
8.66  4.22  4.22
8.67  4.375  4.375
8.68  4.531  4.531
8.69  4.685  4.685
8.7  4.84  4.84
8.71  4.993  4.993
8.72  5.145  5.145
8.73  5.296  5.296
8.74  5.445  5.445
8.75  5.595  5.595
8.76  5.742  5.742
8.77  5.888  5.888
8.78  6.033  6.033
8.79  6.175  6.175
8.8  6.317  6.317
8.81  6.457  6.457
8.82  6.594  6.594
8.83  6.731  6.731
8.84  6.865  6.865
8.85  6.996  6.996
8.86  7.127  7.127
8.87  7.254  7.254
8.88  7.379  7.379
8.89  7.503  7.503
8.9  7.623  7.623
8.91  7.741  7.741
8.92  7.857  7.857
8.93  7.97  7.97
8.94  8.08  8.08
8.95  8.1866  8.1866
8.96  8.2916  8.2916
8.97  8.3931  8.3931
8.98  8.4915  8.4915
8.99  8.5869  8.5869
9.0  8.6791  8.6791
9.01  8.7681  8.7681
9.02  8.8538  8.8538
9.03  8.9361  8.9361
9.04  9.0151  9.0151
9.05  9.0905  9.0905
9.06  9.16236  9.16236
9.07  9.23071  9.23071
9.08  9.29533  9.29533
9.09  9.3563  9.3563
9.1  9.4135  9.4135
9.11  9.4668  9.4668
9.12  9.5163  9.5163
9.13  9.5619  9.5619
9.14  9.6035  9.6035
9.15  9.641  9.641
9.16  9.6746  9.6746
9.17  9.7043  9.7043
9.18  9.729  9.729
9.19  9.751  9.751
9.2  9.767  9.767
9.21  9.78  9.78
9.22  9.789  9.789
9.23  9.793  9.793
9.24  9.792  9.792
9.25  9.788  9.788
9.26  9.779  9.779
9.27  9.765  9.765
9.28  9.748  9.748
9.29  9.726  9.726
9.3  9.699  9.699
9.31  9.667  9.667
9.32  9.633  9.633
9.33  9.592  9.592
9.34  9.547  9.547
9.35  9.499  9.499
9.36  9.445  9.445
9.37  9.387  9.387
9.38  9.324  9.324
9.39  9.257  9.257
9.4  9.186  9.186
9.41  9.11  9.11
9.42  9.03  9.03
9.43  8.944  8.944
9.44  8.856  8.856
9.45  8.762  8.762
9.46  8.664  8.664
9.47  8.561  8.561
9.48  8.455  8.455
9.49  8.344  8.344
9.5  8.229  8.229
9.51  8.109  8.109
9.52  7.986  7.986
9.53  7.858  7.858
9.54  7.726  7.726
9.55  7.59  7.59
9.56  7.451  7.451
9.57  7.306  7.306
9.58  7.159  7.159
9.59  7.007  7.007
9.6  6.852  6.852
9.61  6.692  6.692
9.62  6.53  6.53
9.63  6.363  6.363
9.64  6.194  6.194
9.65  6.019  6.019
9.66  5.843  5.843
9.67  5.663  5.663
9.68  5.479  5.479
9.69  5.292  5.292
9.7  5.102  5.102
9.71  4.91  4.91
9.72  4.713  4.713
9.73  4.515  4.515
9.74  4.314  4.314
9.75  4.108  4.108
9.76  3.903  3.903
9.77  3.692  3.692
9.78  3.481  3.481
9.79  3.266  3.266
9.8  3.05  3.05
9.81  2.832  2.832
9.82  2.61  2.61
9.83  2.388  2.388
9.84  2.164  2.164
9.85  1.937  1.937
9.86  1.709  1.709
9.87  1.48  1.48
9.88  1.248  1.248
9.89  1.017  1.017
9.9  0.783  0.783
9.91  0.548  0.548
9.92  0.312  0.312
9.93  0.076  0.076
9.94  -0.162  -0.162
9.95  -0.4  -0.4
9.96  -0.638  -0.638
9.97  -0.878  -0.878
9.98  -1.117  -1.117
9.99  -1.357  -1.357
10.0  -1.597  -1.597
10.01  -1.837  -1.837
10.02  -2.077  -2.077
10.03  -2.316  -2.316
10.04  -2.555  -2.555
10.05  -2.795  -2.795
10.06  -3.032  -3.032
10.07  -3.27  -3.27
10.08  -3.507  -3.507
10.09  -3.742  -3.742
10.1  -3.977  -3.977
10.11  -4.211  -4.211
10.12  -4.444  -4.444
10.13  -4.674  -4.674
10.14  -4.904  -4.904
10.15  -5.132  -5.132
10.16  -5.358  -5.358
10.17  -5.582  -5.582
10.18  -5.805  -5.805
10.19  -6.026  -6.026
10.2  -6.243  -6.243
10.21  -6.46  -6.46
10.22  -6.673  -6.673
10.23  -6.885  -6.885
10.24  -7.093  -7.093
10.25  -7.299  -7.299
10.26  -7.502  -7.502
10.27  -7.702  -7.702
10.28  -7.899  -7.899
10.29  -8.094  -8.094
10.3  -8.284  -8.284
10.31  -8.472  -8.472
10.32  -8.656  -8.656
10.33  -8.837  -8.837
10.34  -9.015  -9.015
10.35  -9.187  -9.187
10.36  -9.358  -9.358
10.37  -9.523  -9.523
10.38  -9.686  -9.686
10.39  -9.843  -9.843
10.4  -9.998  -9.998
10.41  -10.147  -10.147
10.42  -10.293  -10.293
10.43  -10.434  -10.434
10.44  -10.571  -10.571
10.45  -10.703  -10.703
10.46  -10.831  -10.831
10.47  -10.954  -10.954
10.48  -11.073  -11.073
10.49  -11.187  -11.187
10.5  -11.297  -11.297
10.51  -11.4  -11.4
10.52  -11.5  -11.5
10.53  -11.595  -11.595
10.54  -11.684  -11.684
10.55  -11.768  -11.768
10.56  -11.848  -11.848
10.57  -11.923  -11.923
10.58  -11.991  -11.991
10.59  -12.056  -12.056
10.6  -12.114  -12.114
10.61  -12.168  -12.168
10.62  -12.2161  -12.2161
10.63  -12.2591  -12.2591
10.64  -12.2968  -12.2968
10.65  -12.329  -12.329
10.66  -12.3561  -12.3561
10.67  -12.3776  -12.3776
10.68  -12.3937  -12.3937
10.69  -12.4046  -12.4046
10.7  -12.41  -12.41
10.71  -12.41  -12.41
10.72  -12.4046  -12.4046
10.73  -12.3937  -12.3937
10.74  -12.3776  -12.3776
10.75  -12.3561  -12.3561
10.76  -12.329  -12.329
10.77  -12.2968  -12.2968
10.78  -12.2591  -12.2591
10.79  -12.2161  -12.2161
10.8  -12.168  -12.168
10.81  -12.114  -12.114
10.82  -12.056  -12.056
10.83  -11.991  -11.991
10.84  -11.923  -11.923
10.85  -11.848  -11.848
10.86  -11.768  -11.768
10.87  -11.684  -11.684
10.88  -11.595  -11.595
10.89  -11.5  -11.5
10.9  -11.4  -11.4
10.91  -11.297  -11.297
10.92  -11.187  -11.187
10.93  -11.073  -11.073
10.94  -10.954  -10.954
10.95  -10.831  -10.831
10.96  -10.703  -10.703
10.97  -10.571  -10.571
10.98  -10.434  -10.434
10.99  -10.293  -10.293
11.0  -10.147  -10.147
11.01  -9.998  -9.998
11.02  -9.843  -9.843
11.03  -9.686  -9.686
11.04  -9.523  -9.523
11.05  -9.358  -9.358
11.06  -9.187  -9.187
11.07  -9.015  -9.015
11.08  -8.837  -8.837
11.09  -8.656  -8.656
11.1  -8.472  -8.472
11.11  -8.284  -8.284
11.12  -8.094  -8.094
11.13  -7.899  -7.899
11.14  -7.702  -7.702
11.15  -7.502  -7.502
11.16  -7.299  -7.299
11.17  -7.093  -7.093
11.18  -6.885  -6.885
11.19  -6.673  -6.673
11.2  -6.46  -6.46
11.21  -6.243  -6.243
11.22  -6.026  -6.026
11.23  -5.805  -5.805
11.24  -5.582  -5.582
11.25  -5.358  -5.358
11.26  -5.132  -5.132
11.27  -4.904  -4.904
11.28  -4.674  -4.674
11.29  -4.444  -4.444
11.3  -4.211  -4.211
11.31  -3.977  -3.977
11.32  -3.742  -3.742
11.33  -3.507  -3.507
11.34  -3.27  -3.27
11.35  -3.032  -3.032
11.36  -2.795  -2.795
11.37  -2.555  -2.555
11.38  -2.316  -2.316
11.39  -2.077  -2.077
11.4  -1.837  -1.837
11.41  -1.597  -1.597
11.42  -1.357  -1.357
11.43  -1.117  -1.117
11.44  -0.878  -0.878
11.45  -0.638  -0.638
11.46  -0.4  -0.4
11.47  -0.162  -0.162
11.48  0.076  0.076
11.49  0.312  0.312
11.5  0.548  0.548
11.51  0.783  0.783
11.52  1.017  1.017
11.53  1.248  1.248
11.54  1.48  1.48
11.55  1.709  1.709
11.56  1.937  1.937
11.57  2.164  2.164
11.58  2.388  2.388
11.59  2.61  2.61
11.6  2.832  2.832
11.61  3.05  3.05
11.62  3.266  3.266
11.63  3.481  3.481
11.64  3.692  3.692
11.65  3.903  3.903
11.66  4.108  4.108
11.67  4.314  4.314
11.68  4.515  4.515
11.69  4.713  4.713
11.7  4.91  4.91
11.71  5.102  5.102
11.72  5.292  5.292
11.73  5.479  5.479
11.74  5.663  5.663
11.75  5.843  5.843
11.76  6.019  6.019
11.77  6.194  6.194
11.78  6.363  6.363
11.79  6.53  6.53
11.8  6.692  6.692
11.81  6.852  6.852
11.82  7.007  7.007
11.83  7.159  7.159
11.84  7.306  7.306
11.85  7.451  7.451
11.86  7.59  7.59
11.87  7.726  7.726
11.88  7.858  7.858
11.89  7.986  7.986
11.9  8.109  8.109
11.91  8.229  8.229
11.92  8.344  8.344
11.93  8.455  8.455
11.94  8.561  8.561
11.95  8.664  8.664
11.96  8.762  8.762
11.97  8.856  8.856
11.98  8.944  8.944
11.99  9.03  9.03
12.0  9.11  9.11
12.01  9.186  9.186
12.02  9.257  9.257
12.03  9.324  9.324
12.04  9.387  9.387
12.05  9.445  9.445
12.06  9.499  9.499
12.07  9.547  9.547
12.08  9.592  9.592
12.09  9.633  9.633
12.1  9.667  9.667
12.11  9.699  9.699
12.12  9.726  9.726
12.13  9.748  9.748
12.14  9.765  9.765
12.15  9.779  9.779
12.16  9.788  9.788
12.17  9.792  9.792
12.18  9.793  9.793
12.19  9.789  9.789
12.2  9.78  9.78
12.21  9.767  9.767
12.22  9.751  9.751
12.23  9.729  9.729
12.24  9.7043  9.7043
12.25  9.6746  9.6746
12.26  9.641  9.641
12.27  9.6035  9.6035
12.28  9.5619  9.5619
12.29  9.5163  9.5163
12.3  9.4668  9.4668
12.31  9.4135  9.4135
12.32  9.3563  9.3563
12.33  9.29533  9.29533
12.34  9.23071  9.23071
12.35  9.16236  9.16236
12.36  9.0905  9.0905
12.37  9.0151  9.0151
12.38  8.9361  8.9361
12.39  8.8538  8.8538
12.4  8.7681  8.7681
12.41  8.6791  8.6791
12.42  8.5869  8.5869
12.43  8.4915  8.4915
12.44  8.3931  8.3931
12.45  8.2916  8.2916
12.46  8.1866  8.1866
12.47  8.08  8.08
12.48  7.97  7.97
12.49  7.857  7.857
12.5  7.741  7.741
12.51  7.623  7.623
12.52  7.503  7.503
12.53  7.379  7.379
12.54  7.254  7.254
12.55  7.127  7.127
12.56  6.996  6.996
12.57  6.865  6.865
12.58  6.731  6.731
12.59  6.594  6.594
12.6  6.457  6.457
12.61  6.317  6.317
12.62  6.175  6.175
12.63  6.033  6.033
12.64  5.888  5.888
12.65  5.742  5.742
12.66  5.595  5.595
12.67  5.445  5.445
12.68  5.296  5.296
12.69  5.145  5.145
12.7  4.993  4.993
12.71  4.84  4.84
12.72  4.685  4.685
12.73  4.531  4.531
12.74  4.375  4.375
12.75  4.22  4.22
12.76  4.062  4.062
12.77  3.905  3.905
12.78  3.748  3.748
12.79  3.59  3.59
12.8  3.431  3.431
12.81  3.273  3.273
12.82  3.115  3.115
12.83  2.957  2.957
12.84  2.798  2.798
12.85  2.64  2.64
12.86  2.481  2.481
12.87  2.325  2.325
12.88  2.167  2.167
12.89  2.01  2.01
12.9  1.854  1.854
12.91  1.698  1.698
12.92  1.543  1.543
12.93  1.389  1.389
12.94  1.236  1.236
12.95  1.082  1.082
12.96  0.931  0.931
12.97  0.781  0.781
12.98  0.631  0.631
12.99  0.482  0.482
13.0  0.335  0.335
13.01  0.189  0.189
13.02  0.045  0.045
13.03  -0.099  -0.099
13.04  -0.241  -0.241
13.05  -0.381  -0.381
13.06  -0.519  -0.519
13.07  -0.657  -0.657
13.08  -0.793  -0.793
13.09  -0.927  -0.927
13.1  -1.058  -1.058
13.11  -1.189  -1.189
13.12  -1.317  -1.317
13.13  -1.444  -1.444
13.14  -1.568  -1.568
13.15  -1.691  -1.691
13.16  -1.812  -1.812
13.17  -1.93  -1.93
13.18  -2.047  -2.047
13.19  -2.161  -2.161
13.2  -2.273  -2.273
13.21  -2.382  -2.382
13.22  -2.491  -2.491
13.23  -2.596  -2.596
13.24  -2.699  -2.699
13.25  -2.8  -2.8
13.26  -2.898  -2.898
13.27  -2.994  -2.994
13.28  -3.088  -3.088
13.29  -3.179  -3.179
13.3  -3.268  -3.268
13.31  -3.354  -3.354
13.32  -3.438  -3.438
13.33  -3.519  -3.519
13.34  -3.598  -3.598
13.35  -3.675  -3.675
13.36  -3.748  -3.748
13.37  -3.819  -3.819
13.38  -3.888  -3.888
13.39  -3.955  -3.955
13.4  -4.017  -4.017
13.41  -4.079  -4.079
13.42  -4.137  -4.137
13.43  -4.193  -4.193
13.44  -4.246  -4.246
13.45  -4.297  -4.297
13.46  -4.345  -4.345
13.47  -4.39  -4.39
13.48  -4.434  -4.434
13.49  -4.474  -4.474
13.5  -4.512  -4.512
13.51  -4.547  -4.547
13.52  -4.58  -4.58
13.53  -4.611  -4.611
13.54  -4.638  -4.638
13.55  -4.664  -4.664
13.56  -4.687  -4.687
13.57  -4.707  -4.707
13.58  -4.725  -4.725
13.59  -4.741  -4.741
13.6  -4.754  -4.754
13.61  -4.765  -4.765
13.62  -4.773  -4.773
13.63  -4.78  -4.78
13.64  -4.783  -4.783
13.65  -4.785  -4.785
13.66  -4.784  -4.784
13.67  -4.782  -4.782
13.68  -4.776  -4.776
13.69  -4.77  -4.77
13.7  -4.759  -4.759
13.71  -4.749  -4.749
13.72  -4.735  -4.735
13.73  -4.719  -4.719
13.74  -4.701  -4.701
13.75  -4.6823  -4.6823
13.76  -4.6605  -4.6605
13.77  -4.637  -4.637
13.78  -4.6117  -4.6117
13.79  -4.5846  -4.5846
13.8  -4.5556  -4.5556
13.81  -4.5249  -4.5249
13.82  -4.4924  -4.4924
13.83  -4.4583  -4.4583
13.84  -4.4226  -4.4226
13.85  -4.3851  -4.3851
13.86  -4.3461  -4.3461
13.87  -4.3057  -4.3057
13.88  -4.2636  -4.2636
13.89  -4.2202  -4.2202
13.9  -4.1753  -4.1753
13.91  -4.1291  -4.1291
13.92  -4.0816  -4.0816
13.93  -4.0326  -4.0326
13.94  -3.9826  -3.9826
13.95  -3.93128  -3.93128
13.96  -3.87881  -3.87881
13.97  -3.825205  -3.825205
13.98  -3.770535  -3.770535
13.99  -3.71483  -3.71483
14.0  -3.65814  -3.65814
14.01  -3.6004  -3.6004
14.02  -3.5419  -3.5419
14.03  -3.4825  -3.4825
14.04  -3.4221  -3.4221
14.05  -3.3611  -3.3611
14.06  -3.2993  -3.2993
14.07  -3.2369  -3.2369
14.08  -3.1736  -3.1736
14.09  -3.1098  -3.1098
14.1  -3.0455  -3.0455
14.11  -2.9806  -2.9806
14.12  -2.9152  -2.9152
14.13  -2.8493  -2.8493
14.14  -2.783  -2.783
14.15  -2.7164  -2.7164
14.16  -2.6494  -2.6494
14.17  -2.5821  -2.5821
14.18  -2.5145  -2.5145
14.19  -2.4468  -2.4468
14.2  -2.3788  -2.3788
14.21  -2.3107  -2.3107
14.22  -2.2424  -2.2424
14.23  -2.1742  -2.1742
14.24  -2.1059  -2.1059
14.25  -2.0375  -2.0375
14.26  -1.9692  -1.9692
14.27  -1.901  -1.901
14.28  -1.8328  -1.8328
14.29  -1.7649  -1.7649
14.3  -1.6971  -1.6971
14.31  -1.6294  -1.6294
14.32  -1.5621  -1.5621
14.33  -1.4949  -1.4949
14.34  -1.4281  -1.4281
14.35  -1.3616  -1.3616
14.36  -1.2955  -1.2955
14.37  -1.2299  -1.2299
14.38  -1.164  -1.164
14.39  -1.1  -1.1
14.4  -1.035  -1.035
14.41  -0.971  -0.971
14.42  -0.907  -0.907
14.43  -0.845  -0.845
14.44  -0.783  -0.783
14.45  -0.721  -0.721
14.46  -0.659  -0.659
14.47  -0.6  -0.6
14.48  -0.539  -0.539
14.49  -0.48  -0.48
14.5  -0.422  -0.422
14.51  -0.365  -0.365
14.52  -0.307  -0.307
14.53  -0.251  -0.251
14.54  -0.196  -0.196
14.55  -0.141  -0.141
14.56  -0.087  -0.087
14.57  -0.035  -0.035
14.58  0.018  0.018
14.59  0.069  0.069
14.6  0.12  0.12
14.61  0.169  0.169
14.62  0.217  0.217
14.63  0.265  0.265
14.64  0.313  0.313
14.65  0.358  0.358
14.66  0.403  0.403
14.67  0.447  0.447
14.68  0.49  0.49
14.69  0.532  0.532
14.7  0.573  0.573
14.71  0.614  0.614
14.72  0.652  0.652
14.73  0.691  0.691
14.74  0.728  0.728
14.75  0.764  0.764
14.76  0.8  0.8
14.77  0.834  0.834
14.78  0.866  0.866
14.79  0.9  0.9
14.8  0.93  0.93
14.81  0.9608  0.9608
14.82  0.9899  0.9899
14.83  1.0181  1.0181
14.84  1.0454  1.0454
14.85  1.0716  1.0716
14.86  1.0969  1.0969
14.87  1.1212  1.1212
14.88  1.1444  1.1444
14.89  1.1667  1.1667
14.9  1.1881  1.1881
14.91  1.2085  1.2085
14.92  1.2278  1.2278
14.93  1.2463  1.2463
14.94  1.2637  1.2637
14.95  1.2803  1.2803
14.96  1.2959  1.2959
14.97  1.3105  1.3105
14.98  1.3243  1.3243
14.99  1.3372  1.3372
15.0  1.349  1.349
15.01  1.3601  1.3601
15.02  1.3702  1.3702
15.03  1.3795  1.3795
15.04  1.3879  1.3879
15.05  1.3955  1.3955
15.06  1.4022  1.4022
15.07  1.408  1.408
15.08  1.4131  1.4131
15.09  1.4173  1.4173
15.1  1.4208  1.4208
15.11  1.4234  1.4234
15.12  1.4253  1.4253
15.13  1.4265  1.4265
15.14  1.4268  1.4268
15.15  1.4265  1.4265
15.16  1.4253  1.4253
15.17  1.4236  1.4236
15.18  1.4212  1.4212
15.19  1.4179  1.4179
15.2  1.4142  1.4142
15.21  1.4096  1.4096
15.22  1.4046  1.4046
15.23  1.3988  1.3988
15.24  1.3925  1.3925
15.25  1.3856  1.3856
15.26  1.378  1.378
15.27  1.3699  1.3699
15.28  1.3613  1.3613
15.29  1.3522  1.3522
15.3  1.3425  1.3425
15.31  1.3323  1.3323
15.32  1.3216  1.3216
15.33  1.3104  1.3104
15.34  1.2988  1.2988
15.35  1.2868  1.2868
15.36  1.2743  1.2743
15.37  1.2613  1.2613
15.38  1.2481  1.2481
15.39  1.2344  1.2344
15.4  1.2203  1.2203
15.41  1.2058  1.2058
15.42  1.1912  1.1912
15.43  1.176  1.176
15.44  1.1606  1.1606
15.45  1.1449  1.1449
15.46  1.129  1.129
15.47  1.1126  1.1126
15.48  1.0962  1.0962
15.49  1.0794  1.0794
15.5  1.0625  1.0625
15.51  1.04524  1.04524
15.52  1.02786  1.02786
15.53  1.01027  1.01027
15.54  0.99253  0.99253
15.55  0.97461  0.97461
15.56  0.95655  0.95655
15.57  0.93835  0.93835
15.58  0.92004  0.92004
15.59  0.90161  0.90161
15.6  0.883085  0.883085
15.61  0.864479  0.864479
15.62  0.845799  0.845799
15.63  0.827057  0.827057
15.64  0.80827  0.80827
15.65  0.78944  0.78944
15.66  0.77058  0.77058
15.67  0.75171  0.75171
15.68  0.73284  0.73284
15.69  0.71397  0.71397
15.7  0.69511  0.69511
15.71  0.67629  0.67629
15.72  0.6575  0.6575
15.73  0.63875  0.63875
15.74  0.62006  0.62006
15.75  0.6014  0.6014
15.76  0.5829  0.5829
15.77  0.5644  0.5644
15.78  0.5461  0.5461
15.79  0.5278  0.5278
15.8  0.5096  0.5096
15.81  0.4915  0.4915
15.82  0.4736  0.4736
15.83  0.4559  0.4559
15.84  0.4381  0.4381
15.85  0.4207  0.4207
15.86  0.4033  0.4033
15.87  0.3861  0.3861
15.88  0.3691  0.3691
15.89  0.3521  0.3521
15.9  0.3356  0.3356
15.91  0.319  0.319
15.92  0.3027  0.3027
15.93  0.2865  0.2865
15.94  0.2707  0.2707
15.95  0.2549  0.2549
15.96  0.2395  0.2395
15.97  0.2241  0.2241
15.98  0.2091  0.2091
15.99  0.1942  0.1942
16.0  0.1795  0.1795
16.01  0.1652  0.1652
16.02  0.1509  0.1509
16.03  0.1371  0.1371
16.04  0.1233  0.1233
16.05  0.1099  0.1099
16.06  0.0966  0.0966
16.07  0.0837  0.0837
16.08  0.071  0.071
16.09  0.0584  0.0584
16.1  0.0463  0.0463
16.11  0.0342  0.0342
16.12  0.0226  0.0226
16.13  0.011  0.011
16.14  -0.0001  -0.0001
16.15  -0.0111  -0.0111
16.16  -0.0218  -0.0218
16.17  -0.0323  -0.0323
16.18  -0.0424  -0.0424
16.19  -0.0524  -0.0524
16.2  -0.062  -0.062
16.21  -0.0715  -0.0715
16.22  -0.0806  -0.0806
16.23  -0.0895  -0.0895
16.24  -0.0981  -0.0981
16.25  -0.1066  -0.1066
16.26  -0.1146  -0.1146
16.27  -0.1226  -0.1226
16.28  -0.1302  -0.1302
16.29  -0.1375  -0.1375
16.3  -0.1447  -0.1447
16.31  -0.1515  -0.1515
16.32  -0.1582  -0.1582
16.33  -0.1645  -0.1645
16.34  -0.1707  -0.1707
16.35  -0.1766  -0.1766
16.36  -0.1823  -0.1823
16.37  -0.1877  -0.1877
16.38  -0.1929  -0.1929
16.39  -0.1978  -0.1978
16.4  -0.2026  -0.2026
16.41  -0.207  -0.207
16.42  -0.2114  -0.2114
16.43  -0.2154  -0.2154
16.44  -0.2192  -0.2192
16.45  -0.2229  -0.2229
16.46  -0.2262  -0.2262
16.47  -0.2295  -0.2295
16.48  -0.2325  -0.2325
16.49  -0.2352  -0.2352
16.5  -0.2378  -0.2378
16.51  -0.2402  -0.2402
16.52  -0.2424  -0.2424
16.53  -0.2444  -0.2444
16.54  -0.2462  -0.2462
16.55  -0.2478  -0.2478
16.56  -0.2493  -0.2493
16.57  -0.2506  -0.2506
16.58  -0.2516  -0.2516
16.59  -0.2526  -0.2526
16.6  -0.2533  -0.2533
16.61  -0.2539  -0.2539
16.62  -0.2544  -0.2544
16.63  -0.2546  -0.2546
16.64  -0.2548  -0.2548
16.65  -0.2547  -0.2547
16.66  -0.2545  -0.2545
16.67  -0.2543  -0.2543
16.68  -0.2538  -0.2538
16.69  -0.2532  -0.2532
16.7  -0.2525  -0.2525
16.71  -0.2516  -0.2516
16.72  -0.25067  -0.25067
16.73  -0.24958  -0.24958
16.74  -0.24838  -0.24838
16.75  -0.24705  -0.24705
16.76  -0.24563  -0.24563
16.77  -0.24409  -0.24409
16.78  -0.24245  -0.24245
16.79  -0.24071  -0.24071
16.8  -0.23889  -0.23889
16.81  -0.23696  -0.23696
16.82  -0.23494  -0.23494
16.83  -0.23285  -0.23285
16.84  -0.23067  -0.23067
16.85  -0.22841  -0.22841
16.86  -0.22608  -0.22608
16.87  -0.22367  -0.22367
16.88  -0.2212  -0.2212
16.89  -0.21866  -0.21866
16.9  -0.21605  -0.21605
16.91  -0.2134  -0.2134
16.92  -0.21068  -0.21068
16.93  -0.20792  -0.20792
16.94  -0.20509  -0.20509
16.95  -0.20223  -0.20223
16.96  -0.19932  -0.19932
16.97  -0.19636  -0.19636
16.98  -0.19338  -0.19338
16.99  -0.19035  -0.19035
17.0  -0.1873  -0.1873
17.01  -0.18421  -0.18421
17.02  -0.1811  -0.1811
17.03  -0.17795  -0.17795
17.04  -0.1748  -0.1748
17.05  -0.17161  -0.17161
17.06  -0.16842  -0.16842
17.07  -0.1652  -0.1652
17.08  -0.16198  -0.16198
17.09  -0.15875  -0.15875
17.1  -0.1555  -0.1555
17.11  -0.15225  -0.15225
17.12  -0.149  -0.149
17.13  -0.14575  -0.14575
17.14  -0.14249  -0.14249
17.15  -0.13925  -0.13925
17.16  -0.136  -0.136
17.17  -0.132758  -0.132758
17.18  -0.129529  -0.129529
17.19  -0.126308  -0.126308
17.2  -0.1231  -0.1231
17.21  -0.119904  -0.119904
17.22  -0.116724  -0.116724
17.23  -0.113561  -0.113561
17.24  -0.1104157  -0.1104157
17.25  -0.1072902  -0.1072902
17.26  -0.1041861  -0.1041861
17.27  -0.101104  -0.101104
17.28  -0.098046  -0.098046
17.29  -0.095013  -0.095013
17.3  -0.092006  -0.092006
17.31  -0.089028  -0.089028
17.32  -0.086077  -0.086077
17.33  -0.083157  -0.083157
17.34  -0.080266  -0.080266
17.35  -0.077408  -0.077408
17.36  -0.074579  -0.074579
17.37  -0.0718  -0.0718
17.38  -0.06903  -0.06903
17.39  -0.06631  -0.06631
17.4  -0.06362  -0.06362
17.41  -0.06098  -0.06098
17.42  -0.05836  -0.05836
17.43  -0.05579  -0.05579
17.44  -0.05325  -0.05325
17.45  -0.05076  -0.05076
17.46  -0.0483  -0.0483
17.47  -0.04588  -0.04588
17.48  -0.0435  -0.0435
17.49  -0.04117  -0.04117
17.5  -0.03888  -0.03888
17.51  -0.03662  -0.03662
17.52  -0.03441  -0.03441
17.53  -0.03225  -0.03225
17.54  -0.03011  -0.03011
17.55  -0.02804  -0.02804
17.56  -0.02599  -0.02599
17.57  -0.02399  -0.02399
17.58  -0.02204  -0.02204
17.59  -0.02013  -0.02013
17.6  -0.01825  -0.01825
17.61  -0.01643  -0.01643
17.62  -0.01464  -0.01464
17.63  -0.01291  -0.01291
17.64  -0.0112  -0.0112
17.65  -0.00955  -0.00955
17.66  -0.00794  -0.00794
17.67  -0.00636  -0.00636
17.68  -0.00484  -0.00484
17.69  -0.00335  -0.00335
17.7  -0.0019  -0.0019
17.71  -0.00051  -0.00051
17.72  0.00087  0.00087
17.73  0.00218  0.00218
17.74  0.00347  0.00347
17.75  0.0047  0.0047
17.76  0.00591  0.00591
17.77  0.00707  0.00707
17.78  0.00819  0.00819
17.79  0.00928  0.00928
17.8  0.01032  0.01032
17.81  0.01133  0.01133
17.82  0.0123  0.0123
17.83  0.01323  0.01323
17.84  0.01413  0.01413
17.85  0.01499  0.01499
17.86  0.01582  0.01582
17.87  0.0166  0.0166
17.88  0.01736  0.01736
17.89  0.01809  0.01809
17.9  0.01877  0.01877
17.91  0.01942  0.01942
17.92  0.02005  0.02005
17.93  0.02064  0.02064
17.94  0.0212  0.0212
17.95  0.02172  0.02172
17.96  0.02223  0.02223
17.97  0.02269  0.02269
17.98  0.02313  0.02313
17.99  0.02355  0.02355
18.0  0.02392  0.02392
18.01  0.02429  0.02429
18.02  0.02461  0.02461
18.03  0.02491  0.02491
18.04  0.02519  0.02519
18.05  0.02544  0.02544
18.06  0.02568  0.02568
18.07  0.02587  0.02587
18.08  0.02605  0.02605
18.09  0.02622  0.02622
18.1  0.02634  0.02634
18.11  0.02647  0.02647
18.12  0.02655  0.02655
18.13  0.02663  0.02663
18.14  0.02668  0.02668
18.15  0.02671  0.02671
18.16  0.02673  0.02673
18.17  0.02673  0.02673
18.18  0.0267  0.0267
18.19  0.02667  0.02667
18.2  0.02661  0.02661
18.21  0.02654  0.02654
18.22  0.02645  0.02645
18.23  0.02636  0.02636
18.24  0.02624  0.02624
18.25  0.02611  0.02611
18.26  0.02597  0.02597
18.27  0.02581  0.02581
18.28  0.02565  0.02565
18.29  0.025464  0.025464
18.3  0.025277  0.025277
18.31  0.025075  0.025075
18.32  0.024863  0.024863
18.33  0.024642  0.024642
18.34  0.024411  0.024411
18.35  0.024171  0.024171
18.36  0.023923  0.023923
18.37  0.023665  0.023665
18.38  0.023402  0.023402
18.39  0.023129  0.023129
18.4  0.022852  0.022852
18.41  0.022566  0.022566
18.42  0.022275  0.022275
18.43  0.021979  0.021979
18.44  0.021677  0.021677
18.45  0.021371  0.021371
18.46  0.021059  0.021059
18.47  0.020744  0.020744
18.48  0.020425  0.020425
18.49  0.020102  0.020102
18.5  0.019776  0.019776
18.51  0.019448  0.019448
18.52  0.019116  0.019116
18.53  0.018784  0.018784
18.54  0.018448  0.018448
18.55  0.018111  0.018111
18.56  0.017774  0.017774
18.57  0.017434  0.017434
18.58  0.017095  0.017095
18.59  0.016754  0.016754
18.6  0.016414  0.016414
18.61  0.016073  0.016073
18.62  0.015734  0.015734
18.63  0.015393  0.015393
18.64  0.015054  0.015054
18.65  0.014716  0.014716
18.66  0.01438  0.01438
18.67  0.014043  0.014043
18.68  0.013709  0.013709
18.69  0.013377  0.013377
18.7  0.013046  0.013046
18.71  0.012718  0.012718
18.72  0.012392  0.012392
18.73  0.012067  0.012067
18.74  0.011746  0.011746
18.75  0.011427  0.011427
18.76  0.011112  0.011112
18.77  0.0107984  0.0107984
18.78  0.0104886  0.0104886
18.79  0.010182  0.010182
18.8  0.0098785  0.0098785
18.81  0.0095786  0.0095786
18.82  0.009282  0.009282
18.83  0.0089892  0.0089892
18.84  0.0087001  0.0087001
18.85  0.0084146  0.0084146
18.86  0.0081331  0.0081331
18.87  0.0078555  0.0078555
18.88  0.007581883  0.007581883
18.89  0.007312337  0.007312337
18.9  0.00704688  0.00704688
18.91  0.0067857  0.0067857
18.92  0.0065286  0.0065286
18.93  0.0062758  0.0062758
18.94  0.0060273  0.0060273
18.95  0.0057832  0.0057832
18.96  0.0055434  0.0055434
18.97  0.005308  0.005308
18.98  0.0050771  0.0050771
18.99  0.0048504  0.0048504
19.0  0.0046284  0.0046284
19.01  0.0044108  0.0044108
19.02  0.0041975  0.0041975
19.03  0.0039889  0.0039889
19.04  0.0037845  0.0037845
19.05  0.0035848  0.0035848
19.06  0.0033894  0.0033894
19.07  0.0031985  0.0031985
19.08  0.0030121  0.0030121
19.09  0.0028299  0.0028299
19.1  0.002652  0.002652
19.11  0.002479  0.002479
19.12  0.00231  0.00231
19.13  0.002146  0.002146
19.14  0.001985  0.001985
19.15  0.001829  0.001829
19.16  0.001677  0.001677
19.17  0.00153  0.00153
19.18  0.001386  0.001386
19.19  0.001247  0.001247
19.2  0.001112  0.001112
19.21  0.00098  0.00098
19.22  0.000853  0.000853
19.23  0.00073  0.00073
19.24  0.000611  0.000611
19.25  0.000495  0.000495
19.26  0.000383  0.000383
19.27  0.000276  0.000276
19.28  0.000171  0.000171
19.29  7e-05  7e-05
19.3  -2.6e-05  -2.6e-05
19.31  -0.00012  -0.00012
19.32  -0.00021  -0.00021
19.33  -0.000296  -0.000296
19.34  -0.00038  -0.00038
19.35  -0.000459  -0.000459
19.36  -0.000536  -0.000536
19.37  -0.000609  -0.000609
19.38  -0.00068  -0.00068
19.39  -0.000746  -0.000746
19.4  -0.000811  -0.000811
19.41  -0.000872  -0.000872
19.42  -0.00093  -0.00093
19.43  -0.000986  -0.000986
19.44  -0.001038  -0.001038
19.45  -0.001088  -0.001088
19.46  -0.001136  -0.001136
19.47  -0.00118  -0.00118
19.48  -0.001222  -0.001222
19.49  -0.001261  -0.001261
19.5  -0.001299  -0.001299
19.51  -0.001334  -0.001334
19.52  -0.001366  -0.001366
19.53  -0.001397  -0.001397
19.54  -0.001424  -0.001424
19.55  -0.00145  -0.00145
19.56  -0.001475  -0.001475
19.57  -0.001496  -0.001496
19.58  -0.001516  -0.001516
19.59  -0.0015336  -0.0015336
19.6  -0.0015501  -0.0015501
19.61  -0.0015644  -0.0015644
19.62  -0.001577  -0.001577
19.63  -0.0015879  -0.0015879
19.64  -0.0015972  -0.0015972
19.65  -0.0016049  -0.0016049
19.66  -0.0016111  -0.0016111
19.67  -0.0016157  -0.0016157
19.68  -0.0016191  -0.0016191
19.69  -0.0016209  -0.0016209
19.7  -0.0016216  -0.0016216
19.71  -0.0016208  -0.0016208
19.72  -0.0016189  -0.0016189
19.73  -0.0016158  -0.0016158
19.74  -0.0016116  -0.0016116
19.75  -0.0016062  -0.0016062
19.76  -0.0015999  -0.0015999
19.77  -0.0015924  -0.0015924
19.78  -0.0015842  -0.0015842
19.79  -0.0015749  -0.0015749
19.8  -0.0015648  -0.0015648
19.81  -0.0015538  -0.0015538
19.82  -0.0015421  -0.0015421
19.83  -0.0015295  -0.0015295
19.84  -0.0015164  -0.0015164
19.85  -0.0015024  -0.0015024
19.86  -0.0014879  -0.0014879
19.87  -0.0014728  -0.0014728
19.88  -0.001457  -0.001457
19.89  -0.0014408  -0.0014408
19.9  -0.001424  -0.001424
19.91  -0.0014068  -0.0014068
19.92  -0.001389  -0.001389
19.93  -0.0013711  -0.0013711
19.94  -0.0013525  -0.0013525
19.95  -0.0013337  -0.0013337
19.96  -0.0013146  -0.0013146
19.97  -0.0012952  -0.0012952
19.98  -0.0012754  -0.0012754
19.99  -0.0012555  -0.0012555
20.0  -0.0012353  -0.0012353
20.01  -0.001215  -0.001215
20.02  -0.0011944  -0.0011944
20.03  -0.0011738  -0.0011738
20.04  -0.001153  -0.001153
20.05  -0.0011321  -0.0011321
20.06  -0.0011111  -0.0011111
20.07  -0.00109  -0.00109
20.08  -0.001069  -0.001069
20.09  -0.0010479  -0.0010479
20.1  -0.0010267  -0.0010267
20.11  -0.0010057  -0.0010057
20.12  -0.0009846  -0.0009846
20.13  -0.0009635  -0.0009635
20.14  -0.0009426  -0.0009426
20.15  -0.0009217  -0.0009217
20.16  -0.0009008  -0.0009008
20.17  -0.0008802  -0.0008802
20.18  -0.0008595  -0.0008595
20.19  -0.0008391  -0.0008391
20.2  -0.0008188  -0.0008188
20.21  -0.0007986  -0.0007986
20.22  -0.0007786  -0.0007786
20.23  -0.0007587  -0.0007587
20.24  -0.000739  -0.000739
20.25  -0.0007196  -0.0007196
20.26  -0.0007003  -0.0007003
20.27  -0.0006812  -0.0006812
20.28  -0.0006624  -0.0006624
20.29  -0.0006437  -0.0006437
20.3  -0.00062528  -0.00062528
20.31  -0.00060711  -0.00060711
20.32  -0.00058916  -0.00058916
20.33  -0.00057147  -0.00057147
20.34  -0.000554  -0.000554
20.35  -0.00053682  -0.00053682
20.36  -0.00051986  -0.00051986
20.37  -0.00050319  -0.00050319
20.38  -0.00048678  -0.00048678
20.39  -0.00047063  -0.00047063
20.4  -0.00045475  -0.00045475
20.41  -0.00043915  -0.00043915
20.42  -0.00042382  -0.00042382
20.43  -0.00040877  -0.00040877
20.44  -0.00039399  -0.00039399
20.45  -0.0003795  -0.0003795
20.46  -0.00036529  -0.00036529
20.47  -0.00035136  -0.00035136
20.48  -0.0003377  -0.0003377
20.49  -0.00032434  -0.00032434
20.5  -0.000311247  -0.000311247
20.51  -0.000298439  -0.000298439
20.52  -0.0002859122  -0.0002859122
20.53  -0.0002736638  -0.0002736638
20.54  -0.000261695  -0.000261695
20.55  -0.000250003  -0.000250003
20.56  -0.00023859  -0.00023859
20.57  -0.00022744  -0.00022744
20.58  -0.00021658  -0.00021658
20.59  -0.00020597  -0.00020597
20.6  -0.00019565  -0.00019565
20.61  -0.00018558  -0.00018558
20.62  -0.00017578  -0.00017578
20.63  -0.00016625  -0.00016625
20.64  -0.00015696  -0.00015696
20.65  -0.00014795  -0.00014795
20.66  -0.00013917  -0.00013917
20.67  -0.00013065  -0.00013065
20.68  -0.00012239  -0.00012239
20.69  -0.00011435  -0.00011435
20.7  -0.00010657  -0.00010657
20.71  -9.902e-05  -9.902e-05
20.72  -9.171e-05  -9.171e-05
20.73  -8.463e-05  -8.463e-05
20.74  -7.777e-05  -7.777e-05
20.75  -7.114e-05  -7.114e-05
20.76  -6.473e-05  -6.473e-05
20.77  -5.854e-05  -5.854e-05
20.78  -5.255e-05  -5.255e-05
20.79  -4.679e-05  -4.679e-05
20.8  -4.122e-05  -4.122e-05
20.81  -3.586e-05  -3.586e-05
20.82  -3.069e-05  -3.069e-05
20.83  -2.573e-05  -2.573e-05
20.84  -2.094e-05  -2.094e-05
20.85  -1.635e-05  -1.635e-05
20.86  -1.195e-05  -1.195e-05
20.87  -7.71e-06  -7.71e-06
20.88  -3.66e-06  -3.66e-06
20.89  2.3e-07  2.3e-07
20.9  3.95e-06  3.95e-06
20.91  7.49e-06  7.49e-06
20.92  1.089e-05  1.089e-05
20.93  1.412e-05  1.412e-05
20.94  1.721e-05  1.721e-05
20.95  2.014e-05  2.014e-05
20.96  2.294e-05  2.294e-05
20.97  2.558e-05  2.558e-05
20.98  2.809e-05  2.809e-05
20.99  3.047e-05  3.047e-05
21.0  3.271e-05  3.271e-05
21.01  3.483e-05  3.483e-05
21.02  3.683e-05  3.683e-05
21.03  3.871e-05  3.871e-05
21.04  4.047e-05  4.047e-05
21.05  4.211e-05  4.211e-05
21.06  4.365e-05  4.365e-05
21.07  4.508e-05  4.508e-05
21.08  4.641e-05  4.641e-05
21.09  4.763e-05  4.763e-05
21.1  4.877e-05  4.877e-05
21.11  4.981e-05  4.981e-05
21.12  5.075e-05  5.075e-05
21.13  5.162e-05  5.162e-05
21.14  5.239e-05  5.239e-05
21.15  5.308e-05  5.308e-05
21.16  5.37e-05  5.37e-05
21.17  5.424e-05  5.424e-05
21.18  5.471e-05  5.471e-05
21.19  5.511e-05  5.511e-05
21.2  5.543e-05  5.543e-05
21.21  5.571e-05  5.571e-05
21.22  5.59e-05  5.59e-05
21.23  5.605e-05  5.605e-05
21.24  5.613e-05  5.613e-05
21.25  5.617e-05  5.617e-05
21.26  5.614e-05  5.614e-05
21.27  5.607e-05  5.607e-05
21.28  5.596e-05  5.596e-05
21.29  5.578e-05  5.578e-05
21.3  5.558e-05  5.558e-05
21.31  5.533e-05  5.533e-05
21.32  5.504e-05  5.504e-05
21.33  5.471e-05  5.471e-05
21.34  5.435e-05  5.435e-05
21.35  5.396e-05  5.396e-05
21.36  5.353e-05  5.353e-05
21.37  5.306e-05  5.306e-05
21.38  5.259e-05  5.259e-05
21.39  5.207e-05  5.207e-05
21.4  5.153e-05  5.153e-05
